           1           1           0       60000
           1           2           0       60000
           1           3           0       60000
           1           4           0       60000
           1           5           0       60000
           1           6           0       60000
           1           7           0       60000
           1           8           0       60000
           1           9           0       60000
           1          10           0       60000
           1          11           0       60000
           1          12           0       60000
           1          13           0       60000
           1          14           0       60000
           1          15           0       60000
           1          16           0       60000
           1          17           0       60000
           1          18           0       60000
           1          19           0       60000
           1          20           0       60000
           1          21           0       60000
           1          22           0       60000
           1          23           0       60000
           1          24           0       60000
           1          25           0       60000
           1          26           0       60000
           1          27           0       60000
           1          28           0       60000
           1          29           0       60000
           1          30           0       60000
           1          31           0       60000
           1          32           0       60000
           1          33           0       60000
