1.120000000000000e+01
 1.145000000000000e+02
 9.800000000000000e+01
 4.175000000000000e+02
 1.201500000000000e+03
 1.510000000000000e+01
 2.595000000000000e+02
 2.113000000000000e+02
 1.204000000000000e+02
 8.010899999999999e+01
 4.817993608770129e+01
 4.999456287425161e-01
 1.030019053957069e+02
 1.008789972898921e+02
 9.349498036041268e-01
 9.928395653130411e+01
 9.972033077752585e+01
 9.755199999999999e+01
 1.001125401829961e+02
 9.859314504463755e+01
-3.434967633847123e+00
 4.466146860446880e-01
-2.070191433847128e+00
-1.649292860446963e-01
 9.960083735827341e+01
