4.719609374128481e+00
 1.979463571168700e+00
 3.433666896439490e+00
 1.819813988463059e-01
 1.030422808486273e+01
 1.255264515015330e+00
 6.606004960848229e+01
 6.788881836831963e+01
 2.889497316622229e+01
 1.211891540981524e+01
 2.102201791916009e+01
 9.656376929303520e-02
 5.905208334599143e+00
 7.193744563054116e-01
 2.049241884758436e+01
 1.619527220772475e+01
 5.177421313003835e+01
 1.431252009270226e+01
 4.246184049705779e+01
 1.111657911933379e+01
 3.015608978185341e+01
 2.665009131727130e+00
 5.680074319818737e+00
 2.678863712942000e+00
 2.174119211892317e+01
 1.773644866704200e+01
